652
88
644
88
100
96
644
652
88
644
88
92
644
92
84
640
92
640
92
92
280
636
92
656
92
80
88
656
644
100
644
88
80
644
96
88
652
96
100
80
392
648
92
644
92
92
92
644
640
92
636
88
92
648
84
96
644
88
652
88
640
276
644
92
648
84
92
92
648
644
88
648
92
92
644
92
88
644
80
92
652
648
288
648
92
636
88
84
92
648
648
92
656
80
88
644
88
100
648
92
644
648
652
648
92
644
80
88
92
648
648
92
648
92
88
644
88
92
648
88
88
88
428
652
648
88
644
92
92
92
644
644
92
636
92
92
644
92
88
644
92
644
92
644
648
92
644
88
92
92
644
648
92
644
80
72
640
88
88
652
88
88
652
652
648
84
648
92
88
92
640
648
92
648
92
88
644
88
100
648
92
648
648
652
644
92
644
80
92
92
636
644
80
644
80
92
656
92
88
652
88
88
88
644
652
644
88
644
92
92
92
644
644
84
644
88
92
648
92
92
644
88
644
88
400
648
92
648
92
80
92
648
636
92
656
84
80
88
92
92
644
84
644
96
644
92
92
640
92
644
88
644
88
84
92
644
648
92
644
84
88
644
88
92
648
84
648
92
648
92
644
92
92
92
644
648
92
644
88
92
648
92
92
644
92
92
644
644
88
644
92
92
92
644
644
88
644
88
92
656
92
92
644
88
644
644
644
92
648
84
92
88
648
644
88
648
92
92
652
88
96
644
92
92
92
420
648
92
648
92
92
92
656
648
92
648
84
88
644
88
100
644
92
656
84
648
92
644
92
92
92
644
644
92
644
80
84
648
92
84
644
88
88
652
88
648
92
644
80
84
88
644
644
92
652
88
88
652
88
96
652
100
640
652
648
92
640
88
88
88
644
644
88
644
96
84
648
88
104
652
92
92
84
412
644
96
644
88
92
96
644
644
88
652
92
92
640
92
88
652
92
652
92
408
644
88
652
88
88
88
644
644
88
644
84
88
652
88
100
652
92
92
88
644
644
88
644
88
92
92
652
640
92
652
88
92
644
92
92
648
92
652
80
640
644
92
644
92
80
92
652
644
92
644
84
88
652
88
100
644
92
92
652
376
652
92
652
88
92
92
644
652
92
656
80
88
644
88
100
652
92
644
644
644
644
88
644
88
88
92
652
640
92
652
80
92
652
92
92
640
92
88
92
416
644
96
644
92
92
92
644
644
92
652
92
92
652
92
96
644
80
652
80
652
644
88
644
88
96
88
644
644
92
652
92
88
644
88
100
644
92
92
640
372
652
92
652
92
88
80
644
652
92
644
92
92
640
92
88
644
88
644
652
376
644
88
644
88
88
100
644
644
92
644
92
88
652
88
92
652
92
92
92
392
644
92
656
92
92
92
644
644
92
652
84
88
644
88
100
644
92
644
92
372
644
92
644
92
88
92
652
644
92
644
92
88
640
92
88
652
92
92
92
84
320
644
88
652
92
92
80
644
656
92
652
80
92
644
92
92
640
92
640
92
92
644
88
652
92
92
92
644
644
92
644
88
92
652
92
92
648
92
92
644
92
652
84
644
92
92
92
644
644
92
644
72
92
652
92
88
644
88
644
648
652
656
84
644
92
92
92
644
644
92
656
92
88
644
88
92
644
84
92
92
432
644
92
644
84
92
80
644
644
88
644
92
92
640
92
92
652
88
652
92
92
644
92
652
92
92
92
644
644
92
644
84
92
648
92
96
652
92
92
652
92
644
92
652
92
92
92
644
640
92
644
92
88
644
88
92
644
92
640
652
644
644
92
644
92
92
88
652
644
88
644
80
92
652
92
100
652
88
92
92
408
656
92
644
80
92
92
644
652
92
644
92
88
652
88
100
652
92
648
92
644
6